4294967279,406
4294967279,405
4294967278,344
4294967278,343
4294967279,404
4294967278,342
4294967278,341
4294967279,403
4294967279,402
4294967278,340
4294967279,25
4294967279,24
4294967278,339
4294967279,29
4294967279,28
4294967279,27
4294967279,26
4294967279,401
4294967279,38
4294967279,37
4294967279,36
4294967279,35
4294967279,34
4294967279,33
4294967279,32
4294967279,31
4294967279,30
4294967278,338
4294967279,400
4294967278,337
4294967279,55
4294967279,54
4294967279,53
4294967279,52
4294967279,51
4294967279,50
4294967279,49
4294967279,48
4294967279,47
4294967279,46
4294967279,45
4294967279,44
4294967279,43
4294967279,42
4294967279,41
4294967279,40
4294967279,39
4294967279,399
4294967279,91
4294967279,90
4294967279,89
4294967279,87
4294967279,86
4294967279,85
4294967279,84
4294967279,83
4294967279,82
4294967279,81
4294967279,80
4294967279,79
4294967279,78
4294967279,77
4294967279,76
4294967279,75
4294967279,74
4294967279,73
4294967279,72
4294967279,71
4294967279,69
4294967279,68
4294967279,67
4294967279,66
4294967279,65
4294967279,64
4294967279,63
4294967279,62
4294967279,61
4294967279,60
4294967279,59
4294967279,58
4294967279,57
4294967279,56
4294967278,336
4294967279,398
4294967279,70
4294967278,181
4294967278,36
4294967278,34
4294967278,32
4294967278,31
4294967278,30
4294967278,29
4294967278,27
4294967278,24
4294967278,23
4294967278,22
4294967278,21
4294967278,20
4294967278,19
4294967278,18
4294967278,15
4294967278,14
4294967278,13
4294967278,11
4294967278,10
4294967278,9
4294967278,7
4294967278,6
4294967278,286
4294967278,5
4294967278,4
4294967279,132
4294967279,131
4294967279,130
4294967279,129
4294967279,128
4294967279,127
4294967279,126
4294967279,125
4294967279,124
4294967279,123
4294967279,122
4294967279,121
4294967279,120
4294967279,119
4294967279,118
4294967279,117
4294967279,116
4294967279,115
4294967279,114
4294967279,113
4294967279,112
4294967279,111
4294967279,110
4294967279,109
4294967279,108
4294967279,107
4294967279,106
4294967279,105
4294967279,104
4294967279,103
4294967279,102
4294967279,101
4294967279,100
4294967279,99
4294967279,98
4294967279,97
4294967279,96
4294967279,95
4294967279,94
4294967279,93
4294967279,92
4294967279,21
4294967279,20
4294967279,17
4294967279,16
4294967279,15
4294967279,14
4294967278,179
4294967278,178
29,4
4294967278,177
29,3
29,2
29,1
4294967278,335
4294967294,221
4294967278,176
4294967278,172
4294967279,397
4294967278,334
4294967278,333
28,6
4294967278,171
4294967279,396
4294967278,170
28,5
4294967278,168
28,4
4294967278,167
28,3
28,2
28,1
4294967278,332
4294967278,166
4294967279,395
4294967279,394
4294967279,393
4294967278,161
4294967278,160
4294967278,157
4294967278,159
27,5
27,4
4294967278,158
27,3
27,2
27,1
4294967278,331
4294967278,330
4294967294,476
4294967279,392
4294967278,329
4294967278,152
4294967278,151
4294967278,150
4294967278,149
4294967278,328
4294967278,35
4294967279,391
4294967278,327
4294967278,33
4294967279,390
4294967278,144
4294967278,143
4294967278,140
4294967278,142
4294967278,141
4294967278,326
4294967278,28
4294967278,25
4294967278,276
4294967294,114
4294967279,139
4294967279,389
4294967278,26
4294967278,137
4294967279,279
24,5
4294967278,136
4294967279,136
4294967278,135
24,4
4294967279,135
24,3
24,2
24,1
4294967279,134
4294967278,134
4294967279,133
4294967278,133
4294967278,272
23,4
23,3
23,2
23,1
4294967279,388
4294967278,271
4294967294,439
4294967279,274
4294967278,16
4294967294,409
4294967294,396
4294967294,413
4294967294,385
4294967294,178
4294967294,250
4294967294,407
4294967294,421
4294967294,384
4294967294,425
4294967294,411
4294967294,168
4294967294,213
4294967294,403
4294967294,420
4294967294,467
4294967294,462
4294967294,112
4294967294,113
4294967278,268
4294967294,264
4294967279,273
4294967279,387
4294967279,18
4294967278,17
4294967278,283
4294967279,272
22,5
4294967279,13
4294967294,163
4294967294,438
4294967294,170
4294967294,422
4294967278,282
4294967279,270
4294967278,266
22,4
4294967279,269
22,3
22,2
22,1
4294967279,268
4294967278,265
4294967279,287
4294967278,325
4294967278,12
4294967279,386
4294967278,264
4294967278,8
4294967294,388
4294967279,266
4294967278,263
4294967279,265
21,4
21,3
21,2
21,1
4294967278,324
4294967279,264
4294967279,263
4294967279,262
20,4
20,3
20,2
